s = 0.001;
ex = 1;

error = inv((0.1*s^2 + 0.001*s -1)/(s^4 + 0.21*s^3 + -10.999*s^2 + -1*s + 0))*ex
